Sedan BEV size by sequence — current Cartesian training GT
====================================================================================================
Generated: 2026-07-28T13:24:12+02:00
GT root: /home/local/xinyu/K-Radar-GT-cartesian-radar-v2
Radar NPY root: /home/local/xinyu/K-Radar-RAD
Source format: frame_idx, object_label, x, y, z, x_width, y_width, z_width, yaw_deg, class
BEV formula: area = x_width * y_width. Both are full metric dimensions in metres; no x2 or /2 is applied.
Current mode: box_coordinate_mode=cartesian, include_bus_as_target=False, train_scope=full
Current filtering: ignore_object_label_minus_one=False, ignore_out_of_scope_gt=True
Out-of-scope uses dataset.py's Cartesian 8-corner overlap test against the full RAE axes. With train_scope=full, there is no extra narrow-ROI center filter.
Configured train sequences: (1, 5, 6, 14, 15, 18, 20)
Configured val sequences: (10,)
Only GT frame indices backed by a shared rad/rae NPY frame are counted.
Column notes: Raw=Sedan rows before filtering; OOS=fully outside RAE FOV and removed; -1=used object_label=-1 rows.

Seq Frames   Raw  Used OOS  -1    AvgL    AvgW   AvgArea  MinArea  MaxArea
--- ------ ----- ----- --- --- ------- ------- --------- -------- --------
  1    597  1210  1204   6   0   3.946   1.775     7.090    5.052   13.905
  2    598     1     1   0   0   3.003   1.844     5.537    5.537    5.537
  3    599   487   487   0   1   4.750   2.133    10.312    7.061   14.537
  4    588    66    65   1   0   3.319   1.916     6.363    6.255    7.659
  5    598  2662  2657   5   0   4.224   2.044     8.672    5.117   14.277
  6    594   202   198   4   0   4.215   2.001     8.494    3.170   18.821
  7    595  1382  1380   2   0   4.313   1.964     8.545    4.262   12.827
  8    598   747   747   0   0   4.451   2.233     9.960    6.660   13.675
  9   1206  1966  1965   1   0   4.732   2.244    10.711    7.452   16.281
 10   1203  2483  2483   0   1   5.331   2.251    12.079    5.288   19.937
 11   1195  3839  3839   0   0   4.538   2.152     9.806    5.353   19.068
 12   1192  2004  2003   1   1   4.724   2.408    11.391    4.667   22.850
 13   1190   305   305   0   0   4.326   2.042     8.827    7.088   14.219
 14    595   322   322   0   0   4.924   2.324    11.461   10.134   13.049
 15    591  1645  1645   0   9   4.651   2.462    11.450    8.178   12.441
 16    590  2338  2337   1   0   4.546   2.136     9.738    3.881   14.375
 17    593  1818  1818   0   1   4.697   2.321    10.963    6.004   18.582
 18    594  1605  1605   0   0   4.742   2.334    11.073    7.806   13.162
 19    592  1276  1269   7   1   4.126   2.093     8.650    4.849   14.462
 20    595  1906  1906   0   0   4.473   1.916     8.603    0.502   11.297
 21    610  2782  2782   0   0   4.290   1.865     8.056    4.749   11.117
 22    611  1444  1444   0   1   4.813   2.324    11.272    6.042   15.213
 23    611  1570  1570   0   1   4.409   2.220     9.815    8.136   11.814
 24    610  2032  2031   1   0   4.358   2.041     8.950    4.777   10.735
 25    613  2023  2021   2   0   4.479   1.945     8.778    5.977   23.001
 26    608   620   620   0   0   4.324   2.108     9.106    5.462   14.891
 27    609    32    32   0   0   4.247   2.208     9.361    9.162    9.497
 28    611     0     0   0   0       -       -         -        -        -
 29    614     0     0   0   0       -       -         -        -        -
 30    610   809   809   0   0   4.971   1.856     9.397    6.075   16.199
 31    608   128   128   0   0   4.734   2.444    11.569   11.400   13.536
 32    610    96    96   0   0   4.369   2.094     9.221    5.849   11.929
 33    610   252   252   0   0   4.928   2.197    10.792    8.959   13.039
 34    611   271   271   0   1   4.523   2.456    11.196    3.563   15.359
 35    609     0     0   0   0       -       -         -        -        -
 36    609    20    20   0   0   4.696   2.437    11.442   11.442   11.442
 37    609    42    42   0   0   4.477   1.836     8.222    6.923    8.879
 38    604   546   546   0   0   4.626   2.309    10.683   10.162   12.602
 39    606   596   596   0   0   4.545   1.922     8.736    8.736    8.736
 40    610   678   678   0   0   4.672   2.181    10.169    9.071   11.069
 41    607   594   594   0   0   4.734   2.509    11.858   10.605   15.340
 42    605   970   970   0   1   4.655   2.242    10.445    7.691   12.825
 43    609  1335  1335   0   0   4.532   2.361    10.712    6.842   12.782
 44    605   676   676   0   0   4.604   1.749     8.058    7.297   11.032
 45    593  1061  1061   0   0   4.526   2.204    10.001    6.802   11.158
 46    609   329   329   0   0   3.941   1.866     7.355    7.355    7.355
 47    609   105   105   0   0   4.758   2.410    11.468   11.468   11.468
 48    606   362   362   0   0   4.712   2.319    10.929   10.929   10.929
 49    608   139   139   0   0   4.768   2.233    10.644   10.637   10.769
 50    607  1077  1077   0   0   4.115   2.067     8.661    5.511   10.634
 51    608   260   260   0   0   4.727   2.286    10.803   10.575   13.214
 52    612   438   438   0   0   4.695   2.301    10.802    9.560   10.823
 53    611   590   590   0   0   4.578   2.257    10.334    9.680   10.618
 54    611   952   952   0   0   4.605   2.296    10.572    9.746   11.813
 55    613   732   732   0   0   4.579   2.295    10.514    9.078   11.021
 56    608   518   518   0   0   4.481   2.275    10.166    9.577   10.838
 57    609   150   150   0   6   4.725   2.313    10.927   10.658   11.370
 58    609   329   329   0   1   4.622   2.302    10.643   10.643   10.643

Configured-sequence summaries
====================================================================================================
Set        Sequences                     Used  -1    AvgL    AvgW   AvgArea  MinArea  MaxArea
---------- --------------------------- ------ --- ------- ------- --------- -------- --------
train      1,5,6,14,15,18,20             9537   9   4.423   2.114     9.432    0.502   18.821
val        10                            2483   1   5.331   2.251    12.079    5.288   19.937
train+val  1,5,6,10,14,15,18,20         12020  10   4.611   2.142     9.979    0.502   19.937
all GT     1,2,3,4,5,6,7,8,9,10,11,...  52791  25   4.547   2.153     9.858    0.502   23.001
