group        seed  shared_seq  source_seq                 target_seq  test_seq  BEV_src  3D_src   BEV_tgt  3D_tgt   TD_BEV   TD_3D    range_m_q1        N_bbox_q1  BEV_src_q1  3D_src_q1  BEV_tgt_q1  3D_tgt_q1  TD_BEV_q1  TD_3D_q1  range_m_q2         N_bbox_q2  BEV_src_q2  3D_src_q2  BEV_tgt_q2  3D_tgt_q2  TD_BEV_q2  TD_3D_q2  range_m_q3         N_bbox_q3  BEV_src_q3  3D_src_q3  BEV_tgt_q3  3D_tgt_q3  TD_BEV_q3  TD_3D_q3  range_m_q4     N_bbox_q4  BEV_src_q4  3D_src_q4  BEV_tgt_q4  3D_tgt_q4  TD_BEV_q4  TD_3D_q4
-----------------------------------------------------------------------------------------------------------------------------------------------------------------------------------------------------------------------------------------------------------------------------------------------------------------------------------------------------------------------------------------------------------------------------------------------------------------------------------------------------------------------------------
group1       42    9,12_first  3,10_first,10_last         51,52,53    50        37.7688  18.6358  56.4593  32.7091  18.6905  14.0733  [0.0000,43.2486)        269     73.9860    42.7514     87.9539    63.1839    15.8809   32.3381  [43.2486,72.3925)        270     34.4327     7.8496     50.4806    18.8761    31.7902   58.4151  [72.3925,84.7192)        270     35.2226    19.6266     53.8673    29.6158    34.6123   33.7293  [84.7192,inf)        268     12.4735     6.0104     29.7974    15.2366    58.1390   60.5529
group2       42    9,12_first  11_first,10_first,10_last  50,52,53    51        44.8565  24.2250  60.6656  43.1573  15.8091  18.9323  [0.0000,17.5489)         65     66.7232    49.9512     69.7703    57.7219     4.3673   13.4623  [17.5489,32.3558)         65     79.2445    53.0429     87.5708    73.6693     9.5081   27.9986  [32.3558,50.7602)         65     40.3238     7.5763     63.7666    44.4011    36.7634   82.9367  [50.7602,inf)         65      3.7167     0.0973     25.0434     7.8591    85.1590   98.7619
group3       42    9,12_first  11_first,3,10_last         50,51,53    52         7.2298   0.4963  24.8337  14.7422  17.6039  14.2459  [0.0000,40.7084)        110      7.6853     0.5251     17.4120    11.6193    55.8620   95.4808  [40.7084,48.5120)        108     16.9964     0.3538     30.5955    14.2625    44.4480   97.5194  [48.5120,50.4530)        111     21.9418     7.8161     41.8381    31.7813    47.5555   75.4066  [50.4530,inf)        109      3.2301     0.2168     23.1436    14.0584    86.0432   98.4579
group4       42    9,12_first  11_first,3,10_first        50,51,52    53        87.8362  54.9907  90.1296  51.9119   2.2934  -3.0788  [0.0000,15.2162)        148     85.9806    85.2246     79.1263    78.8101    -8.6625   -8.1392  [15.2162,25.9737)        147     82.8788    61.0530     76.3306    51.6312    -8.5787  -18.2483  [25.9737,32.5928)        148     96.5769    43.2263     97.6813    32.2557     1.1306  -34.0114  [32.5928,inf)        147     54.8520     9.0179     60.8096    17.0042     9.7971   46.9666
group5       42    -           -                          -           -
group6       43    9,12_first  3,10_first,10_last         51,52,53    50        37.0826  17.5364  45.2561  28.0748   8.1735  10.5384  [0.0000,43.2486)        269     73.3453    45.8973     83.6217    64.5382    12.2892   28.8835  [43.2486,72.3925)        270     31.4639     5.7928     37.3144    16.1613    15.6789   64.1563  [72.3925,84.7192)        270     30.6678    13.3878     39.8006    21.0328    22.9464   36.3480  [84.7192,inf)        268     14.4472     5.3332     19.6088     7.7472    26.3229   31.1596
group7       43    9,12_first  11_first,10_first,10_last  50,52,53    51        45.1738  21.1453  58.7532  44.5311  13.5794  23.3858  [0.0000,17.5489)         65     63.4248    42.5535     73.4219    61.3205    13.6160   30.6048  [17.5489,32.3558)         65     80.5927    50.0609     81.2855    73.0851     0.8523   31.5033  [32.3558,50.7602)         65     49.0132     9.0631     64.6913    48.8609    24.2353   81.4512  [50.7602,inf)         65      3.1577     0.0278     24.2930     9.6303    87.0016   99.7113
group8       43    9,12_first  11_first,3,10_last         50,51,53    52        14.0814   0.4508  25.4790  16.0477  11.3976  15.5969  [0.0000,40.7084)        110     13.4524     0.4144     16.1574    10.4860    16.7416   96.0481  [40.7084,48.5120)        108     21.3760     0.0859     28.4312    15.3317    24.8150   99.4397  [48.5120,50.4530)        111     25.3211     5.1348     36.7823    29.5740    31.1596   82.6375  [50.4530,inf)        109      7.6004     0.3048     24.8558    14.6244    69.4220   97.9158
group9       43    9,12_first  11_first,3,10_first        50,51,52    53        87.9270  49.8882  86.4712  42.9374  -1.4558  -6.9508  [0.0000,15.2162)        148     81.8835    80.4153     75.7517    74.3220    -8.0946   -8.1985  [15.2162,25.9737)        147     78.8407    49.9844     77.0518    47.7218    -2.3217   -4.7412  [25.9737,32.5928)        148     95.5641    39.9776     96.3462    21.9899     0.8118  -81.7998  [32.5928,inf)        147     55.8348     8.6097     53.5327    12.9993    -4.3004   33.7680
group10      44    9,12_first  3,10_first,10_last         51,52,53    50        37.5225  17.3188  45.8949  28.7702   8.3724  11.4514  [0.0000,43.2486)        269     70.9168    40.5355     80.5380    60.3620    11.9462   32.8460  [43.2486,72.3925)        270     35.9724     7.3282     40.9192    17.1561    12.0892   57.2852  [72.3925,84.7192)        270     35.9974    18.5084     47.5502    28.1508    24.2960   34.2527  [84.7192,inf)        268     13.8796     6.4589     22.1769    12.3516    37.4142   47.7080
group11      44    9,12_first  11_first,10_first,10_last  50,52,53    51        46.4293  19.2971  63.8341  42.5679  17.4048  23.2708  [0.0000,17.5489)         65     44.8286    25.9305     56.5498    41.2740    20.7272   37.1747  [17.5489,32.3558)         65     84.3337    59.5774     87.0809    73.5926     3.1548   19.0443  [32.3558,50.7602)         65     59.3035     7.7957     78.1383    60.5669    24.1044   87.1288  [50.7602,inf)         65      7.4121     0.1098     43.5522    15.0499    82.9811   99.2704
group12      44    9,12_first  11_first,3,10_last         50,51,53    52        16.6642   1.3221  30.6813  18.0495  14.0171  16.7274  [0.0000,40.7084)        110     17.6746     1.6762     20.3914    13.9582    13.3233   87.9913  [40.7084,48.5120)        108     23.9695     0.1998     32.4563    16.6110    26.1484   98.7972  [48.5120,50.4530)        111     31.2431     8.9152     43.4537    34.4067    28.1003   74.0888  [50.4530,inf)        109      9.0115     0.6436     27.9572    14.8636    67.7668   95.6700
group13      44    9,12_first  11_first,3,10_first        50,51,52    53        88.4206  42.8729  83.2107  46.0644  -5.2099   3.1915  [0.0000,15.2162)        148     76.0621    73.3037     67.4077    64.5569   -12.8389  -13.5490  [15.2162,25.9737)        147     74.7962    34.9743     69.2187    36.0657    -8.0578    3.0261  [25.9737,32.5928)        148     95.9710    33.5022     91.1292    35.3830    -5.3131    5.3155  [32.5928,inf)        147     60.3113     6.2451     58.6485    20.2616    -2.8352   69.1777
average(12)  -     -           -                          -           -                                             10.0563  11.7820                                                                               11.2631   35.4119                                                                                12.4606   44.5163                                                                                22.5335   39.7903                                                                            50.2426   73.2600
