group                  seed  shared_seq     source_seq     target_seq      test_seq  normal_test_id         control_status      N_frame_normal  N_bbox_normal  N_bbox_weather  BEV_normal  3D_normal  BEV_weather  3D_weather  SD_BEV    SD_3D     range_m_q1        N_bbox_normal_q1  N_bbox_weather_q1  BEV_normal_q1  3D_normal_q1  BEV_weather_q1  3D_weather_q1  range_m_q2         N_bbox_normal_q2  N_bbox_weather_q2  BEV_normal_q2  3D_normal_q2  BEV_weather_q2  3D_weather_q2  range_m_q3         N_bbox_normal_q3  N_bbox_weather_q3  BEV_normal_q3  3D_normal_q3  BEV_weather_q3  3D_weather_q3  range_m_q4     N_bbox_normal_q4  N_bbox_weather_q4  BEV_normal_q4  3D_normal_q4  BEV_weather_q4  3D_weather_q4
----------------------------------------------------------------------------------------------------------------------------------------------------------------------------------------------------------------------------------------------------------------------------------------------------------------------------------------------------------------------------------------------------------------------------------------------------------------------------------------------------------------------------------------------------------------------------------------------------------------------------------------------------------------------------------------------------------------------------
group1                 42    9,12,10_first  14,15,18,20,5  57,56,54,55,58  46,47     heavy_snow_test_46_47  exact                         1195            434             434     29.3817    23.6561      23.0909     21.7814    6.2908    1.8747  [0.0000,10.1581)                86                109        34.6199       33.0494         37.9752        34.7203  [10.1581,14.5900)               108                108        54.7891       46.2079         26.1504        24.8986  [14.5900,22.3417)               101                109        44.6045       42.7559         45.5106        43.5984  [22.3417,inf)               139                108        10.0294        6.7119          0.2943         0.1586
group2                 42    9,12           3,15,14,5      47,56,57,58     54,55     heavy_snow_test_54_55  valid_deficit(480)             597           1204            1684     25.3605    11.0457      39.4445     36.4387  -14.0840  -25.3930  [0.0000,20.6254)               209                421        42.6965       23.9864         47.3721        44.9145  [20.6254,33.8948)               342                421        37.1540       18.1304         42.3915        37.0260  [33.8948,50.9064)               278                421        20.0310        8.7343         54.4517        50.9769  [50.9064,inf)               375                421         8.8474        1.4494         16.3898        15.3310
group4                 42    9,12           3,20,14,5      47,55,57,58     54,56     heavy_snow_test_54_56  valid_deficit(266)             597           1204            1470     30.2489    15.9428      38.4671     33.0774   -8.2182  -17.1346  [0.0000,22.2947)               241                368        38.8321       23.9344         37.7103        34.6147  [22.2947,46.2717)               514                367        37.7994       22.5550         52.6789        46.5791  [46.2717,70.0359)               297                368        20.2623        9.0799         41.8490        34.8707  [70.0359,inf)               152                367         9.5583        0.9409         24.4359        17.9591
group3                 42    9,12           3,18,14,5      47,54,57,58     55,56     heavy_snow_test_55_56  valid_deficit(46)              597           1204            1250     29.9100    13.7143      44.7839     39.6598  -14.8739  -25.9455  [0.0000,22.3044)               241                313        33.4148       22.1368         46.6191        42.9766  [22.3044,38.7021)               400                312        38.0189       21.1801         55.0815        48.0049  [38.7021,54.3848)               243                313        32.1985       12.4253         53.8188        48.4989  [54.3848,inf)               320                312        14.3069        2.3734         22.2724        18.6214
group5                 43    9,12,10_first  14,15,18,20,5  57,56,54,55,58  46,47     heavy_snow_test_46_47  exact                         1195            434             434     31.3605    25.2165      22.2008     21.1579    9.1597    4.0586  [0.0000,10.1581)                86                109        41.0346       40.1700         26.0487        24.6826  [10.1581,14.5900)               108                108        53.7298       44.6721         28.2667        27.2087  [14.5900,22.3417)               101                109        46.3811       44.0495         46.9142        45.5820  [22.3417,inf)               139                108        10.7291        7.6263          0.2443         0.0453
group6                 43    9,12           3,15,14,5      47,56,57,58     54,55     heavy_snow_test_54_55  valid_deficit(480)             597           1204            1684     28.4585    12.2279      42.0868     38.2883  -13.6283  -26.0604  [0.0000,20.6254)               209                421        42.3219       24.0184         41.9596        39.1287  [20.6254,33.8948)               342                421        37.3002       18.5064         44.5029        38.2280  [33.8948,50.9064)               278                421        25.5650       10.6735         60.3078        56.1754  [50.9064,inf)               375                421        13.3832        2.4194         22.4863        21.2086
group8                 43    9,12           3,20,14,5      47,55,57,58     54,56     heavy_snow_test_54_56  valid_deficit(266)             597           1204            1470     31.4336    16.5604      38.2958     33.6474   -6.8622  -17.0870  [0.0000,22.2947)               241                368        37.4370       23.4599         36.7647        32.5444  [22.2947,46.2717)               514                367        39.8760       22.9595         54.3898        48.3568  [46.2717,70.0359)               297                368        20.5324        9.4801         43.7381        38.4041  [70.0359,inf)               152                367        10.7194        1.5622         23.6383        20.1247
group7                 43    9,12           3,18,14,5      47,54,57,58     55,56     heavy_snow_test_55_56  valid_deficit(46)              597           1204            1250     30.4538    12.7452      45.4611     40.2651  -15.0073  -27.5199  [0.0000,22.3044)               241                313        34.7085       21.7892         44.6354        41.0571  [22.3044,38.7021)               400                312        38.5396       19.9389         60.3254        52.1464  [38.7021,54.3848)               243                313        33.6499       11.7167         54.2200        49.3562  [54.3848,inf)               320                312        14.2377        2.1335         21.5284        17.7026
group10                44    9,12           3,15,14,5      47,56,57,58     54,55     heavy_snow_test_54_55  valid_deficit(480)             597           1204            1684     32.0356    14.4612      49.9623     45.9375  -17.9267  -31.4763  [0.0000,20.6254)               209                421        44.3406       26.6041         54.2735        50.2121  [20.6254,33.8948)               342                421        40.9555       22.0439         48.0543        42.9851  [33.8948,50.9064)               278                421        31.5530       14.0650         64.8220        60.8577  [50.9064,inf)               375                421        14.9647        3.5874         25.8837        23.6722
group12                44    9,12           3,20,14,5      47,55,57,58     54,56     heavy_snow_test_54_56  valid_deficit(266)             597           1204            1470     33.0961    17.8244      41.4402     35.3763   -8.3441  -17.5519  [0.0000,22.2947)               241                368        42.7234       28.0032         46.2366        42.2902  [22.2947,46.2717)               514                367        40.8347       24.7611         60.1996        52.1350  [46.2717,70.0359)               297                368        21.9211        9.7216         40.9305        32.1896  [70.0359,inf)               152                367        11.0189        0.8035         23.7366        17.5877
group11                44    9,12           3,18,14,5      47,54,57,58     55,56     heavy_snow_test_55_56  valid_deficit(46)              597           1204            1250     34.2931    13.1205      49.0521     44.6235  -14.7590  -31.5030  [0.0000,22.3044)               241                313        35.5618       18.7101         47.6818        44.5137  [22.3044,38.7021)               400                312        41.8611       20.9630         60.5488        53.8667  [38.7021,54.3848)               243                313        39.3558       14.6173         58.8968        55.3462  [54.3848,inf)               320                312        19.0460        2.9694         25.7423        22.0760
average_all_valid(11)  -     -              -              -               -                                                                                                      30.5484    16.0468      39.4805     35.4776   -8.9321  -19.4308                                                               38.8810       25.9874         42.4797        39.2414                                                                41.8962       25.6289         48.4173        42.8578                                                                30.5504       17.0290         51.4054        46.8960                                                            12.4401        2.9616         18.7866        15.8625
average_exact(2)       -     -              -              -               -                                                                                                      30.3711    24.4363      22.6459     21.4697    7.7252    2.9666                                                               37.8272       36.6097         32.0119        29.7015                                                                54.2595       45.4400         27.2086        26.0536                                                                45.4928       43.4027         46.2124        44.5902                                                            10.3793        7.1691          0.2693         0.1019
