group                  seed  shared_seq  source_seq  target_seq  test_seq  normal_test_id    control_status  N_frame_normal  N_bbox_normal  N_bbox_weather  BEV_normal  3D_normal  BEV_weather  3D_weather  SD_BEV    SD_3D     range_m_q1        N_bbox_normal_q1  N_bbox_weather_q1  BEV_normal_q1  3D_normal_q1  BEV_weather_q1  3D_weather_q1  range_m_q2         N_bbox_normal_q2  N_bbox_weather_q2  BEV_normal_q2  3D_normal_q2  BEV_weather_q2  3D_weather_q2  range_m_q3         N_bbox_normal_q3  N_bbox_weather_q3  BEV_normal_q3  3D_normal_q3  BEV_weather_q3  3D_weather_q3  range_m_q4     N_bbox_normal_q4  N_bbox_weather_q4  BEV_normal_q4  3D_normal_q4  BEV_weather_q4  3D_weather_q4
---------------------------------------------------------------------------------------------------------------------------------------------------------------------------------------------------------------------------------------------------------------------------------------------------------------------------------------------------------------------------------------------------------------------------------------------------------------------------------------------------------------------------------------------------------------------------------------------------------------------------------------------------------------------------------------------------------
group1                 42    9_first     1           22          13        overcast_test_13  exact                     1190            305             305      9.3189     5.4761       4.8853      3.1814    4.4336    2.2947  [0.0000,22.8576)                77                 76        19.9572       17.8934         19.7302        17.0160  [22.8576,35.1091)                90                 77        13.4482        6.5132          1.5075         1.0457  [35.1091,42.0531)                43                 76        13.4293        7.6152          6.2216         1.3569  [42.0531,inf)                95                 76         3.4560        1.0531          3.0452         1.4562
group2                 42    9_last      1           22          13        overcast_test_13  exact                     1190            305             305      6.6774     2.1112       3.2097      1.5640    3.4677    0.5472  [0.0000,22.8576)                77                 76         9.6521        4.5763         12.1124         8.6876  [22.8576,35.1091)                90                 77        10.7033        3.8913          1.5724         0.8727  [35.1091,42.0531)                43                 76        11.0450        4.7899          3.7711         0.9108  [42.0531,inf)                95                 76         2.6156        0.5947          3.9151         1.9990
group3                 42    12_first    1           22          13        overcast_test_13  exact                     1190            305             305     10.4071     6.4462       7.3659      4.0264    3.0412    2.4198  [0.0000,22.8576)                77                 76        20.0489       16.3903         20.6204        13.3934  [22.8576,35.1091)                90                 77        12.7519        7.4246          2.5292         1.5376  [35.1091,42.0531)                43                 76         9.6693        5.3025          4.9014         1.4008  [42.0531,inf)                95                 76         3.9424        1.6715          4.6467         2.3683
group4                 42    12_last     1           22          13        overcast_test_13  exact                     1190            305             305      7.8555     3.6073       3.7995      2.0832    4.0560    1.5241  [0.0000,22.8576)                77                 76        13.1686        7.4879          6.4958         3.9172  [22.8576,35.1091)                90                 77        10.4955        5.7566          2.4141         1.5748  [35.1091,42.0531)                43                 76        14.5642        8.2582          8.9568         3.7664  [42.0531,inf)                95                 76         4.5596        1.6816          3.5062         2.0255
group5                 42    9           11          13          22        overcast_test_22  exact                      594           1444            1444     34.3855    31.2313      52.6956     46.2473  -18.3101  -15.0160  [0.0000,32.3273)               487                361        34.4054       32.8967         48.6769        40.5030  [32.3273,46.3847)               419                361        45.2997       41.5721         74.3222        70.4768  [46.3847,59.3104)               318                361        40.9541       34.9061         65.5891        59.0858  [59.3104,inf)               220                361        10.7810        6.2807         21.0620        14.0022
group6                 42    12          11          13          22        overcast_test_22  exact                      594           1444            1444     19.7067    17.0259      40.8864     35.8765  -21.1797  -18.8506  [0.0000,32.3273)               487                361        20.9544       19.1428         30.5598        26.6619  [32.3273,46.3847)               419                361        30.6338       27.0519         70.1826        67.3188  [46.3847,59.3104)               318                361        22.4147       18.0230         62.7150        52.6179  [59.3104,inf)               220                361         8.1740        4.7606         26.7475        20.1136
group7                 43    9_first     1           22          13        overcast_test_13  exact                     1190            305             305     10.2768     6.3676       6.0146      4.2088    4.2622    2.1588  [0.0000,22.8576)                77                 76        23.6822       21.1927         25.5149        23.0407  [22.8576,35.1091)                90                 77        14.8319        7.9001          2.1950         1.3301  [35.1091,42.0531)                43                 76        11.4633        5.4703          6.6250         1.6772  [42.0531,inf)                95                 76         3.5051        1.2057          3.1605         1.6545
group8                 43    9_last      1           22          13        overcast_test_13  exact                     1190            305             305      7.8510     3.3825       3.0342      1.6863    4.8168    1.6962  [0.0000,22.8576)                77                 76        11.7135        7.5829          9.2142         7.3038  [22.8576,35.1091)                90                 77        13.1958        6.4588          1.6469         0.9745  [35.1091,42.0531)                43                 76        15.9158        7.0080          4.5498         1.1930  [42.0531,inf)                95                 76         2.9955        0.9863          3.0936         1.8518
group9                 43    12_first    1           22          13        overcast_test_13  exact                     1190            305             305     10.0566     6.2818       6.6403      4.2644    3.4163    2.0174  [0.0000,22.8576)                77                 76        18.8536       15.3929         20.5921        14.0046  [22.8576,35.1091)                90                 77        13.0549        7.6774          3.1386         1.6924  [35.1091,42.0531)                43                 76         9.9198        5.9815          3.8037         0.9539  [42.0531,inf)                95                 76         3.7196        1.6507          3.9080         2.3451
group10                43    12_last     1           22          13        overcast_test_13  exact                     1190            305             305      6.2641     2.2385       3.2225      2.0252    3.0416    0.2133  [0.0000,22.8576)                77                 76         9.1999        4.8929          6.4743         4.1450  [22.8576,35.1091)                90                 77         8.1589        3.2625          1.4683         1.0847  [35.1091,42.0531)                43                 76        12.1041        6.0313          7.1226         3.5290  [42.0531,inf)                95                 76         4.0923        1.1217          3.3205         2.1030
group11                43    9           11          13          22        overcast_test_22  exact                      594           1444            1444     30.0556    27.5633      48.4671     42.6642  -18.4115  -15.1009  [0.0000,32.3273)               487                361        28.2256       26.7751         42.4683        35.8224  [32.3273,46.3847)               419                361        44.1801       40.9578         70.0580        66.3949  [46.3847,59.3104)               318                361        36.5365       31.3605         62.7924        56.0574  [59.3104,inf)               220                361         8.6862        6.5842         19.6073        12.7558
group12                43    12          11          13          22        overcast_test_22  exact                      594           1444            1444     19.8378    17.1350      40.0936     34.7927  -20.2558  -17.6577  [0.0000,32.3273)               487                361        21.3757       19.3555         32.0210        27.1379  [32.3273,46.3847)               419                361        29.2582       26.1900         62.2626        60.1380  [46.3847,59.3104)               318                361        20.0026       15.6857         60.8620        51.0998  [59.3104,inf)               220                361         6.4975        4.1988         29.3578        22.1677
group13                44    9_first     1           22          13        overcast_test_13  exact                     1190            305             305      9.0408     5.4222       4.6598      3.4071    4.3810    2.0151  [0.0000,22.8576)                77                 76        21.6474       19.4347         21.9898        19.5421  [22.8576,35.1091)                90                 77        12.2776        6.6033          1.1682         0.6964  [35.1091,42.0531)                43                 76        10.2616        5.4832          3.7838         1.1462  [42.0531,inf)                95                 76         3.1167        0.9631          2.4012         1.2925
group14                44    9_last      1           22          13        overcast_test_13  exact                     1190            305             305      6.7790     2.9042       3.1747      1.7128    3.6043    1.1914  [0.0000,22.8576)                77                 76        10.1233        7.2659         10.6893         6.7275  [22.8576,35.1091)                90                 77        11.4800        5.2035          1.4872         0.8838  [35.1091,42.0531)                43                 76        14.2305        7.9401          6.4877         2.2071  [42.0531,inf)                95                 76         2.9106        0.7723          2.7344         1.7525
group15                44    12_first    1           22          13        overcast_test_13  exact                     1190            305             305      8.5786     4.6740       6.7979      4.1955    1.7807    0.4785  [0.0000,22.8576)                77                 76        16.1389       13.1535         18.9168        12.8573  [22.8576,35.1091)                90                 77        10.8490        5.7502          2.8925         1.8038  [35.1091,42.0531)                43                 76         9.1871        4.9338          5.4716         1.4812  [42.0531,inf)                95                 76         3.9484        1.3619          3.2792         2.0144
group16                44    12_last     1           22          13        overcast_test_13  exact                     1190            305             305      4.9377     1.6334       2.5897      1.4790    2.3480    0.1544  [0.0000,22.8576)                77                 76         4.6427        2.1746          4.1897         2.7296  [22.8576,35.1091)                90                 77         8.4938        3.5328          1.2807         0.8081  [35.1091,42.0531)                43                 76        10.5907        4.4518          5.7969         2.0902  [42.0531,inf)                95                 76         5.0648        1.1447          3.8622         2.4153
group17                44    9           11          13          22        overcast_test_22  exact                      594           1444            1444     28.2077    24.7854      51.1092     44.4759  -22.9015  -19.6905  [0.0000,32.3273)               487                361        28.9700       26.3475         51.0965        42.3200  [32.3273,46.3847)               419                361        39.1339       35.2418         73.6601        70.4521  [46.3847,59.3104)               318                361        32.9238       26.9957         64.2252        56.7100  [59.3104,inf)               220                361         6.6957        4.3185         17.6579         9.6763
group18                44    12          11          13          22        overcast_test_22  exact                      594           1444            1444     19.4233    16.4837      44.8566     38.6186  -25.4333  -22.1349  [0.0000,32.3273)               487                361        18.2104       16.3582         37.0926        30.9037  [32.3273,46.3847)               419                361        30.3604       26.7533         69.9673        65.8870  [46.3847,59.3104)               318                361        24.3165       18.6837         62.3073        53.0911  [59.3104,inf)               220                361         8.2048        5.1370         26.8889        19.7600
average_all_valid(18)  -     -           -           -           -                                                                                             13.8700    10.2650      18.5279     15.3616   -4.6579   -5.0967                                                               18.3872       15.4619         23.2475        18.7063                                                                19.9226       14.8745         24.6530        23.0540                                                                17.7516       12.1623         24.7768        19.4653                                                             5.1648        2.5271         10.1219         6.7641
average_exact(18)      -     -           -           -           -                                                                                             13.8700    10.2650      18.5279     15.3616   -4.6579   -5.0967                                                               18.3872       15.4619         23.2475        18.7063                                                                19.9226       14.8745         24.6530        23.0540                                                                17.7516       12.1623         24.7768        19.4653                                                             5.1648        2.5271         10.1219         6.7641
