group                  seed  shared_seq  source_seq                 target_seq  test_seq  normal_test_id  control_status  N_frame_normal  N_bbox_normal  N_bbox_weather  BEV_normal  3D_normal  BEV_weather  3D_weather  SD_BEV    SD_3D    range_m_q1        N_bbox_normal_q1  N_bbox_weather_q1  BEV_normal_q1  3D_normal_q1  BEV_weather_q1  3D_weather_q1  range_m_q2         N_bbox_normal_q2  N_bbox_weather_q2  BEV_normal_q2  3D_normal_q2  BEV_weather_q2  3D_weather_q2  range_m_q3         N_bbox_normal_q3  N_bbox_weather_q3  BEV_normal_q3  3D_normal_q3  BEV_weather_q3  3D_weather_q3  range_m_q4     N_bbox_normal_q4  N_bbox_weather_q4  BEV_normal_q4  3D_normal_q4  BEV_weather_q4  3D_weather_q4
---------------------------------------------------------------------------------------------------------------------------------------------------------------------------------------------------------------------------------------------------------------------------------------------------------------------------------------------------------------------------------------------------------------------------------------------------------------------------------------------------------------------------------------------------------------------------------------------------------------------------------------------------------------------------------------------------------------------
group1                 42    9,12_first  3,10_first,10_last         51,52,53    50        sleet_test_50   exact                      597           1077            1077     58.9939    46.9667      37.7688     18.6358   21.2251  28.3309  [0.0000,43.2486)               626                269        68.3532       63.6665         73.9860        42.7514  [43.2486,72.3925)               345                270        42.3759       28.8607         34.4327         7.8496  [72.3925,84.7192)               106                270        54.5253        7.3295         35.2226        19.6266  [84.7192,inf)                 0                268         0.0000        0.0000         12.4735         6.0104
group2                 42    9,12_first  11_first,10_first,10_last  50,52,53    51        sleet_test_51   exact                      597            260             260     39.2315    32.0181      44.8565     24.2250   -5.6250   7.7931  [0.0000,17.5489)                62                 65        59.0201       58.5369         66.7232        49.9512  [17.5489,32.3558)                63                 65        52.8974       49.0594         79.2445        53.0429  [32.3558,50.7602)                68                 65        22.9576       17.2846         40.3238         7.5763  [50.7602,inf)                67                 65        15.9801        6.4764          3.7167         0.0973
group3                 42    9,12_first  11_first,3,10_last         50,51,53    52        sleet_test_52   exact                      597            438             438     35.7080    27.0486       7.2298      0.4963   28.4782  26.5523  [0.0000,40.7084)               106                110        43.7439       39.2602          7.6853         0.5251  [40.7084,48.5120)               113                108        36.3519       26.7963         16.9964         0.3538  [48.5120,50.4530)                25                111        20.4790       19.4042         21.9418         7.8161  [50.4530,inf)               194                109        33.8523       21.1487          3.2301         0.2168
group4                 42    9,12_first  11_first,3,10_first        50,51,52    53        sleet_test_53   exact                      597            590             590     54.8481    49.7350      87.8362     54.9907  -32.9881  -5.2557  [0.0000,15.2162)               128                148        58.2167       57.6633         85.9806        85.2246  [15.2162,25.9737)               185                147        65.3455       63.2774         82.8788        61.0530  [25.9737,32.5928)                99                148        52.0224       50.5121         96.5769        43.2263  [32.5928,inf)               178                147        37.3232       27.2951         54.8520         9.0179
group5                 42    -           -                          -           -
group6                 43    9,12_first  3,10_first,10_last         51,52,53    50        sleet_test_50   exact                      597           1077            1077     56.8328    46.3843      37.0826     17.5364   19.7502  28.8479  [0.0000,43.2486)               626                269        67.3433       62.8244         73.3453        45.8973  [43.2486,72.3925)               345                270        38.5124       27.1650         31.4639         5.7928  [72.3925,84.7192)               106                270        50.6391       10.3498         30.6678        13.3878  [84.7192,inf)                 0                268         0.0000        0.0000         14.4472         5.3332
group7                 43    9,12_first  11_first,10_first,10_last  50,52,53    51        sleet_test_51   exact                      597            260             260     35.8500    29.4539      45.1738     21.1453   -9.3238   8.3086  [0.0000,17.5489)                62                 65        61.9303       60.8911         63.4248        42.5535  [17.5489,32.3558)                63                 65        42.8986       38.9991         80.5927        50.0609  [32.3558,50.7602)                68                 65        21.7438       17.3211         49.0132         9.0631  [50.7602,inf)                67                 65        14.2287        6.6457          3.1577         0.0278
group8                 43    9,12_first  11_first,3,10_last         50,51,53    52        sleet_test_52   exact                      597            438             438     33.8507    26.0105      14.0814      0.4508   19.7693  25.5597  [0.0000,40.7084)               106                110        41.7004       36.5071         13.4524         0.4144  [40.7084,48.5120)               113                108        29.9427       23.7122         21.3760         0.0859  [48.5120,50.4530)                25                111        22.8220       21.0104         25.3211         5.1348  [50.4530,inf)               194                109        34.0664       23.3664          7.6004         0.3048
group9                 43    9,12_first  11_first,3,10_first        50,51,52    53        sleet_test_53   exact                      597            590             590     58.6471    53.5123      87.9270     49.8882  -29.2799   3.6241  [0.0000,15.2162)               128                148        64.5050       63.1260         81.8835        80.4153  [15.2162,25.9737)               185                147        69.3069       66.6396         78.8407        49.9844  [25.9737,32.5928)                99                148        58.4548       56.7160         95.5641        39.9776  [32.5928,inf)               178                147        36.4586       28.1202         55.8348         8.6097
group10                44    9,12_first  3,10_first,10_last         51,52,53    50        sleet_test_50   exact                      597           1077            1077     58.6283    43.7374      37.5225     17.3188   21.1058  26.4186  [0.0000,43.2486)               626                269        67.5009       57.9589         70.9168        40.5355  [43.2486,72.3925)               345                270        41.5265       27.7056         35.9724         7.3282  [72.3925,84.7192)               106                270        55.4643        7.3787         35.9974        18.5084  [84.7192,inf)                 0                268         0.0000        0.0000         13.8796         6.4589
group11                44    9,12_first  11_first,10_first,10_last  50,52,53    51        sleet_test_51   exact                      597            260             260     36.3297    30.3103      46.4293     19.2971  -10.0996  11.0132  [0.0000,17.5489)                62                 65        59.1200       57.6331         44.8286        25.9305  [17.5489,32.3558)                63                 65        46.2767       42.4624         84.3337        59.5774  [32.3558,50.7602)                68                 65        18.4004       15.6142         59.3035         7.7957  [50.7602,inf)                67                 65        15.7435        7.0790          7.4121         0.1098
group12                44    9,12_first  11_first,3,10_last         50,51,53    52        sleet_test_52   exact                      597            438             438     30.1408    22.1230      16.6642      1.3221   13.4766  20.8009  [0.0000,40.7084)               106                110        32.1622       27.0038         17.6746         1.6762  [40.7084,48.5120)               113                108        29.5498       22.6395         23.9695         0.1998  [48.5120,50.4530)                25                111        18.9995       17.6501         31.2431         8.9152  [50.4530,inf)               194                109        34.3051       22.2828          9.0115         0.6436
group13                44    9,12_first  11_first,3,10_first        50,51,52    53        sleet_test_53   exact                      597            590             590     55.4144    50.4232      88.4206     42.8729  -33.0062   7.5503  [0.0000,15.2162)               128                148        61.9242       60.6886         76.0621        73.3037  [15.2162,25.9737)               185                147        64.4560       60.5247         74.7962        34.9743  [25.9737,32.5928)                99                148        58.6027       56.9189         95.9710        33.5022  [32.5928,inf)               178                147        34.2098       27.0534         60.3113         6.2451
average_all_valid(12)  -     -           -                          -           -                                                                                           46.2063    38.1436      45.9161     22.3483    0.2902  15.7953                                                               57.1267       53.8133         56.3303        40.7649                                                                46.6200       39.8202         53.7415        27.5252                                                                37.9259       24.7908         51.4289        17.8775                                                            21.3473       14.1223         20.4939         3.5896
average_exact(12)      -     -           -                          -           -                                                                                           46.2063    38.1436      45.9161     22.3483    0.2902  15.7953                                                               57.1267       53.8133         56.3303        40.7649                                                                46.6200       39.8202         53.7415        27.5252                                                                37.9259       24.7908         51.4289        17.8775                                                            21.3473       14.1223         20.4939         3.5896
