group        seed  shared_seq  source_seq                 target_seq  test_seq  BEV_src  3D_src   BEV_tgt  3D_tgt   TD_BEV   TD_3D    BEV_src_0_30m  3D_src_0_30m  BEV_tgt_0_30m  3D_tgt_0_30m  TD_BEV_0_30m  TD_3D_0_30m  BEV_src_30_60m  3D_src_30_60m  BEV_tgt_30_60m  3D_tgt_30_60m  TD_BEV_30_60m  TD_3D_30_60m  BEV_src_60_90m  3D_src_60_90m  BEV_tgt_60_90m  3D_tgt_60_90m  TD_BEV_60_90m  TD_3D_60_90m  BEV_src_90_120m  3D_src_90_120m  BEV_tgt_90_120m  3D_tgt_90_120m  TD_BEV_90_120m  TD_3D_90_120m
----------------------------------------------------------------------------------------------------------------------------------------------------------------------------------------------------------------------------------------------------------------------------------------------------------------------------------------------------------------------------------------------------------------------------------------------------------------------------------------------------------------
group1       42    9,12_first  3,10_first,10_last         51,52,53    50        37.7688  18.6358  56.4593  32.7091  18.6905  14.0733        78.4965       52.9750        90.7256       73.8282       12.2291      20.8532         50.2735         9.1856         62.3552        20.0152        12.0817       10.8296         39.3319        17.4474         57.5992        28.9749        18.2673       11.5275           2.6988          1.9041          15.8009          9.4080         13.1021         7.5039
group2       42    9,12_first  11_first,10_first,10_last  50,52,53    51        44.8565  24.2250  60.6656  43.1573  15.8091  18.9323        70.7688       50.0078        77.4689       65.3785        6.7001      15.3707         36.6740         9.4137         59.6983        37.3416        23.0243       27.9279          1.9427         0.0237         23.4826         6.6113        21.5399        6.5876           0.1003          0.0000           0.3411          0.0000          0.2408         0.0000
group3       42    9,12_first  11_first,3,10_last         50,51,53    52         7.2298   0.4963  24.8337  14.7422  17.6039  14.2459         0.0010        0.0000         0.0002        0.0000       -0.0008       0.0000         20.7740         1.3899         37.5268        21.0446        16.7528       19.6547          3.8303         0.4379         32.3284        23.7995        28.4981       23.3616           0.1873          0.1517           0.5556          0.0486          0.3683        -0.1031
group4       42    9,12_first  11_first,3,10_first        50,51,52    53        87.8362  54.9907  90.1296  51.9119   2.2934  -3.0788        96.8445       71.1588        97.6816       66.3678        0.8371      -4.7910         70.3958        17.0304         74.3953        19.2194         3.9995        2.1890          0.0404         0.0315          0.2701         0.2169         0.2297        0.1854           0.0000          0.0000           0.0000          0.0000          0.0000         0.0000
group5       42    -           -                          -           -
group6       43    9,12_first  3,10_first,10_last         51,52,53    50        37.0826  17.5364  45.2561  28.0748   8.1735  10.5384        78.1781       58.7830        87.1113       74.2126        8.9332      15.4296         46.1912         7.3834         52.3448        21.2939         6.1536       13.9105         34.4462        11.9482         43.2976        21.5077         8.8514        9.5595           4.7541          2.4186          10.7345          5.2068          5.9804         2.7882
group7       43    9,12_first  11_first,10_first,10_last  50,52,53    51        45.1738  21.1453  58.7532  44.5311  13.5794  23.3858        70.0461       45.6638        75.7689       65.8592        5.7228      20.1954         41.5337         8.4682         60.0878        42.1114        18.5541       33.6432          1.9833         0.0160         19.3968         7.4633        17.4135        7.4473           0.0855          0.0000           0.5984          0.0248          0.5129         0.0248
group8       43    9,12_first  11_first,3,10_last         50,51,53    52        14.0814   0.4508  25.4790  16.0477  11.3976  15.5969         0.0000        0.0000         0.0000        0.0000        0.0000       0.0000         25.9762         0.8421         35.2418        21.1047         9.2656       20.2626          8.0672         0.3641         32.2191        22.6387        24.1519       22.2746           0.2531          0.2439           1.2845          0.0844          1.0314        -0.1595
group9       43    9,12_first  11_first,3,10_first        50,51,52    53        87.9270  49.8882  86.4712  42.9374  -1.4558  -6.9508        96.7169       66.2646        95.5233       57.0484       -1.1936      -9.2162         69.0723        12.6870         68.1264        13.6649        -0.9459        0.9779          0.0271         0.0162          0.0961         0.0403         0.0690        0.0241           0.0000          0.0000           0.0000          0.0000          0.0000         0.0000
group10      44    9,12_first  3,10_first,10_last         51,52,53    50        37.5225  17.3188  45.8949  28.7702   8.3724  11.4514        74.6743       51.0874        83.8674       70.6799        9.1931      19.5925         47.0412         7.7985         52.4420        20.6501         5.4008       12.8516         39.8157        16.4888         49.9854        27.4097        10.1697       10.9209           4.2469          2.2728          10.4362          6.1738          6.1893         3.9010
group11      44    9,12_first  11_first,10_first,10_last  50,52,53    51        46.4293  19.2971  63.8341  42.5679  17.4048  23.2708        62.5427       41.7424        68.8682       54.4462        6.3255      12.7038         52.3950         9.3468         75.2890        53.7464        22.8940       44.3996          3.6136         0.0128         38.6329        12.5611        35.0193       12.5483           0.1635          0.0000           2.7795          0.0030          2.6160         0.0030
group12      44    9,12_first  11_first,3,10_last         50,51,53    52        16.6642   1.3221  30.6813  18.0495  14.0171  16.7274         0.0000        0.0000         0.0000        0.0000        0.0000       0.0000         31.4849         2.2243         42.9677        24.4699        11.4828       22.2456         10.2529         0.9025         32.6413        21.3022        22.3884       20.3997           0.1831          0.1572           0.8532          0.1897          0.6701         0.0325
group13      44    9,12_first  11_first,3,10_first        50,51,52    53        88.4206  42.8729  83.2107  46.0644  -5.2099   3.1915        96.2465       57.3185        90.1397       56.8286       -6.1068      -0.4899         73.1350         9.8586         70.3149        22.2919        -2.8201       12.4333          0.0996         0.0838          0.1832         0.1701         0.0836        0.0863           0.0000          0.0000           0.0000          0.0000          0.0000         0.0000
average(12)  -     -           -                          -           -                                             10.0563  11.7820                                                                  3.5533       7.4707                                                                      10.4869       18.4438                                                                      15.5568       10.4102                                                                            2.5593         1.1659
