group                  seed  shared_seq  source_seq  target_seq  test_seq  normal_test_id      control_status  N_frame_normal  N_bbox_normal  N_bbox_weather  BEV_normal  3D_normal  BEV_weather  3D_weather  SD_BEV    SD_3D     range_m_q1        N_bbox_normal_q1  N_bbox_weather_q1  BEV_normal_q1  3D_normal_q1  BEV_weather_q1  3D_weather_q1  range_m_q2         N_bbox_normal_q2  N_bbox_weather_q2  BEV_normal_q2  3D_normal_q2  BEV_weather_q2  3D_weather_q2  range_m_q3         N_bbox_normal_q3  N_bbox_weather_q3  BEV_normal_q3  3D_normal_q3  BEV_weather_q3  3D_weather_q3  range_m_q4     N_bbox_normal_q4  N_bbox_weather_q4  BEV_normal_q4  3D_normal_q4  BEV_weather_q4  3D_weather_q4
-----------------------------------------------------------------------------------------------------------------------------------------------------------------------------------------------------------------------------------------------------------------------------------------------------------------------------------------------------------------------------------------------------------------------------------------------------------------------------------------------------------------------------------------------------------------------------------------------------------------------------------------------------------------------------------------------------------
group1                 42    9,12_first  18,3,4      43,48,49    42        light_snow_test_42  exact                      598            970             970     12.4898     9.7982      33.1257     26.7948  -20.6359  -16.9966  [0.0000,44.9287)               302                243        20.2262       16.0602         27.0913        24.0543  [44.9287,51.2220)               107                242        13.0208       10.2558         53.0829        45.8357  [51.2220,58.5615)               356                243        15.5497       13.1453         43.1907        35.7274  [58.5615,inf)               205                242         2.3110        1.1181         20.2090        11.7826
group6                 42    9,12_last   18,3,4      43,48,49    42        light_snow_test_42  exact                      598            970             970     12.3133     9.5862      37.0115     28.6313  -24.6982  -19.0451  [0.0000,44.9287)               302                243        16.6140       13.0806         28.5116        23.0309  [44.9287,51.2220)               107                242        13.1869       10.3675         57.0641        50.3124  [51.2220,58.5615)               356                243        18.4230       15.7994         47.2589        36.7757  [58.5615,inf)               205                242         3.1764        1.1699         24.2261        13.2489
group2                 42    9,12_first  18,3,4      42,48,49    43        light_snow_test_43  exact                      598           1335            1335     24.2653    20.3093      25.9751     17.3826   -1.7098    2.9267  [0.0000,29.7044)               447                334        45.0600       39.4082         55.9072        43.8144  [29.7044,50.6405)               331                334        21.1158       18.0396         28.4749        16.8074  [50.6405,60.8767)               354                333        13.3430       11.0758         12.4794         7.2475  [60.8767,inf)               203                334         6.0937        3.1567          5.7812         2.0653
group7                 42    9,12_last   18,3,4      42,48,49    43        light_snow_test_43  exact                      598           1335            1335     16.9378    13.5215      23.1462     16.2547   -6.2084   -2.7332  [0.0000,29.7044)               447                334        31.8504       26.5937         53.0494        43.5158  [29.7044,50.6405)               331                334        14.2620       11.4250         23.6146        14.4609  [50.6405,60.8767)               354                333        10.2899        8.3456         12.6197         6.6285  [60.8767,inf)               203                334         4.9434        2.4762          4.7421         1.8022
group4                 42    9,12_first  18,15,3     42,43,49    48        light_snow_test_48  exact                      606            362             362     38.2713    34.6895      63.8172     58.8241  -25.5459  -24.1346   [0.0000,8.9013)                50                 91        27.0946       24.5514         62.8766        61.7399   [8.9013,13.2441)               150                 90        74.0398       73.3871         58.0473        46.2153  [13.2441,14.8594)                36                 91        40.3158       39.4149         68.2522        66.3052  [14.8594,inf)               126                 90        32.4131       28.5467         44.3714        41.7638
group8                 42    9,12_last   18,15,3     42,43,49    48        light_snow_test_48  exact                      606            362             362     39.8216    36.9676      64.9745     59.8047  -25.1529  -22.8371   [0.0000,8.9013)                50                 91        22.5574       19.1661         55.3985        53.6200   [8.9013,13.2441)               150                 90        72.2976       71.7477         57.4974        47.8228  [13.2441,14.8594)                36                 91        44.2132       43.2662         72.4110        69.4664  [14.8594,inf)               126                 90        35.4825       32.5656         56.6402        55.3668
group5                 42    9,12_first  18,15,3     42,43,48    49        light_snow_test_49  exact                      608            139             139     21.9431    19.4270       6.8837      6.6531   15.0594   12.7739   [0.0000,7.6011)                10                 34         0.9829        0.8292         37.9492        37.3732    [7.6011,8.7335)                 4                 35         2.8062        2.8061         22.3243        21.8947    [8.7335,9.0697)                 3                 35         0.6667        0.6667          7.4011         7.2181   [9.0697,inf)               122                 35        23.8742       21.0782          1.7895         1.7513
group9                 42    9,12_last   18,15,3     42,43,48    49        light_snow_test_49  exact                      608            139             139     28.1149    25.4839       5.1496      5.0739   22.9653   20.4100   [0.0000,7.6011)                10                 34         0.6795        0.4859         27.8472        27.5860    [7.6011,8.7335)                 4                 35         2.4177        2.3567         16.3036        16.1373    [8.7335,9.0697)                 3                 35         0.3072        0.1983          1.5591         1.5591   [9.0697,inf)               122                 35        31.4752       28.5682          1.9131         1.8821
group10                43    9,12_first  18,3,4      43,48,49    42        light_snow_test_42  exact                      598            970             970     12.9633    10.2689      36.8416     30.1664  -23.8783  -19.8975  [0.0000,44.9287)               302                243        20.0453       16.3997         31.9409        28.5034  [44.9287,51.2220)               107                242        12.7018        9.8709         57.2814        50.2721  [51.2220,58.5615)               356                243        16.7130       14.1982         44.9466        37.5667  [58.5615,inf)               205                242         2.8320        1.0107         23.1238        13.7924
group14                43    9,12_last   18,3,4      43,48,49    42        light_snow_test_42  exact                      598            970             970     11.9275     9.5613      37.8400     30.8861  -25.9125  -21.3248  [0.0000,44.9287)               302                243        17.3319       14.1647         30.0338        26.8606  [44.9287,51.2220)               107                242        12.8558        9.8780         58.0308        52.6551  [51.2220,58.5615)               356                243        16.0778       14.1520         48.2621        40.1666  [58.5615,inf)               205                242         2.5178        0.8451         27.0123        15.3871
group11                43    9,12_first  18,3,4      42,48,49    43        light_snow_test_43  exact                      598           1335            1335     23.4108    19.3093      25.1855     16.7085   -1.7747    2.6008  [0.0000,29.7044)               447                334        43.0134       37.6300         54.2805        41.6549  [29.7044,50.6405)               331                334        22.5007       18.2360         27.4539        16.2681  [50.6405,60.8767)               354                333        12.0423        9.4941         11.0184         6.1791  [60.8767,inf)               203                334         5.7800        3.7136          6.0786         2.2847
group15                43    9,12_last   18,3,4      42,48,49    43        light_snow_test_43  exact                      598           1335            1335     20.9983    16.8907      26.4919     18.3685   -5.4936   -1.4778  [0.0000,29.7044)               447                334        37.6929       31.7701         58.9991        49.1892  [29.7044,50.6405)               331                334        19.0817       15.4848         25.0138        15.1477  [50.6405,60.8767)               354                333        11.2622        9.2531         13.0868         6.1700  [60.8767,inf)               203                334         5.7942        3.7958          6.5146         1.6761
group12                43    9,12_first  18,15,3     42,43,49    48        light_snow_test_48  exact                      606            362             362     41.0616    37.8844      66.1390     62.1039  -25.0774  -24.2195   [0.0000,8.9013)                50                 91        26.8508       24.4000         61.4028        58.2914   [8.9013,13.2441)               150                 90        79.6009       78.9571         65.9416        59.7079  [13.2441,14.8594)                36                 91        44.2711       43.9352         70.8384        68.9912  [14.8594,inf)               126                 90        35.9925       32.9769         42.7842        40.9042
group16                43    9,12_last   18,15,3     42,43,49    48        light_snow_test_48  exact                      606            362             362     44.3699    41.2103      53.2109     49.2509   -8.8410   -8.0406   [0.0000,8.9013)                50                 91        24.6033       21.9967         48.9130        45.8265   [8.9013,13.2441)               150                 90        74.1519       73.1365         51.1782        43.9061  [13.2441,14.8594)                36                 91        42.1228       40.7774         62.8054        60.8543  [14.8594,inf)               126                 90        36.5362       33.3875         33.5077        32.4471
group13                43    9,12_first  18,15,3     42,43,48    49        light_snow_test_49  exact                      608            139             139     24.7729    22.7559       3.7845      3.6291   20.9884   19.1268   [0.0000,7.6011)                10                 34         1.0477        0.9102         29.6542        29.3114    [7.6011,8.7335)                 4                 35         2.5380        2.5061         17.5705        17.0861    [8.7335,9.0697)                 3                 35         0.7500        0.7500          1.0028         0.9823   [9.0697,inf)               122                 35        27.0209       24.8176          2.3329         2.2737
group17                43    9,12_last   18,15,3     42,43,48    49        light_snow_test_49  exact                      608            139             139     24.5799    21.6071       1.9569      1.8859   22.6230   19.7212   [0.0000,7.6011)                10                 34         1.0331        0.8071          7.1005         6.7290    [7.6011,8.7335)                 4                 35         2.4981        2.4977          9.7034         9.4611    [8.7335,9.0697)                 3                 35         0.5143        0.5143          0.5827         0.5691   [9.0697,inf)               122                 35        27.0954       23.7465          1.2377         1.2176
group18                44    9,12_first  18,3,4      43,48,49    42        light_snow_test_42  exact                      598            970             970     12.6968     9.1868      39.2139     31.8767  -26.5171  -22.6899  [0.0000,44.9287)               302                243        20.7117       15.8747         32.1285        28.3407  [44.9287,51.2220)               107                242        13.1265        9.7214         55.2418        47.6331  [51.2220,58.5615)               356                243        15.7875       12.4724         44.1172        36.9104  [58.5615,inf)               205                242         3.2091        1.0650         27.6802        17.4754
group22                44    9,12_last   18,3,4      43,48,49    42        light_snow_test_42  exact                      598            970             970     12.1592     9.2255      37.4594     29.8119  -25.3002  -20.5864  [0.0000,44.9287)               302                243        17.0265       13.3059         29.8084        25.6950  [44.9287,51.2220)               107                242        13.2364       10.2986         56.7945        51.0523  [51.2220,58.5615)               356                243        15.8408       12.9282         45.6599        35.1247  [58.5615,inf)               205                242         3.5965        1.3449         27.3057        15.5471
group19                44    9,12_first  18,3,4      42,48,49    43        light_snow_test_43  exact                      598           1335            1335     24.8429    19.8233      24.4324     17.1809    0.4105    2.6424  [0.0000,29.7044)               447                334        49.6405       42.1560         56.5241        46.2953  [29.7044,50.6405)               331                334        20.1038       16.3325         24.2705        13.6242  [50.6405,60.8767)               354                333        10.6960        7.9060         10.7161         6.9641  [60.8767,inf)               203                334         6.1774        2.8383          3.7887         1.0235
group23                44    9,12_last   18,3,4      42,48,49    43        light_snow_test_43  exact                      598           1335            1335     18.9009    14.5941      22.7480     14.4542   -3.8471    0.1399  [0.0000,29.7044)               447                334        35.2873       27.9990         52.7492        39.2744  [29.7044,50.6405)               331                334        17.3763       14.0917         22.7938        11.7374  [50.6405,60.8767)               354                333        10.1404        7.5905         11.8873         6.5620  [60.8767,inf)               203                334         5.0639        2.8431          4.3525         1.5686
group20                44    9,12_first  18,15,3     42,43,49    48        light_snow_test_48  exact                      606            362             362     43.5317    41.0454      70.0386     63.9042  -26.5069  -22.8588   [0.0000,8.9013)                50                 91        29.7452       27.3994         58.4735        56.1130   [8.9013,13.2441)               150                 90        70.3034       68.8228         63.8445        51.9748  [13.2441,14.8594)                36                 91        48.9207       47.6182         68.5547        65.3970  [14.8594,inf)               126                 90        38.9542       36.7404         41.7764        39.7439
group24                44    9,12_last   18,15,3     42,43,49    48        light_snow_test_48  exact                      606            362             362     41.0666    37.7306      66.8676     61.5301  -25.8010  -23.7995   [0.0000,8.9013)                50                 91        31.0893       27.8656         60.6030        58.1092   [8.9013,13.2441)               150                 90        73.1468       70.9372         66.5761        55.8797  [13.2441,14.8594)                36                 91        48.2028       47.3444         76.5578        72.3210  [14.8594,inf)               126                 90        38.9452       35.9237         45.6439        44.7903
group21                44    9,12_first  18,15,3     42,43,48    49        light_snow_test_49  exact                      608            139             139     29.4812    26.9427       4.8797      4.7713   24.6015   22.1714   [0.0000,7.6011)                10                 34         0.8999        0.7630         38.3758        37.5983    [7.6011,8.7335)                 4                 35         2.5443        2.5281         16.4353        15.9363    [8.7335,9.0697)                 3                 35         1.1850        1.1443          3.7246         3.7246   [9.0697,inf)               122                 35        32.1616       29.3561          1.6786         1.6540
group25                44    9,12_last   18,15,3     42,43,48    49        light_snow_test_49  exact                      608            139             139     26.3712    24.0979       1.9022      1.6321   24.4690   22.4658   [0.0000,7.6011)                10                 34         0.9041        0.7382         10.2369         7.6821    [7.6011,8.7335)                 4                 35         2.3640        2.3071          3.9452         3.4768    [8.7335,9.0697)                 3                 35         0.3049        0.1524          1.2734         0.5867   [9.0697,inf)               122                 35        29.2381       26.7363          0.7009         0.6694
average_all_valid(24)  -     -           -           -           -                                                                                               25.3038    22.1632      32.4615     27.3992   -7.1577   -5.2359                                                               21.7495       18.5148         42.0773        37.5087                                                                27.1366       25.2497         39.1035        32.3044                                                                18.2475       16.7560         32.5086        28.3332                                                            18.3619       15.8259         18.9663        15.0883
average_exact(24)      -     -           -           -           -                                                                                               25.3038    22.1632      32.4615     27.3992   -7.1577   -5.2359                                                               21.7495       18.5148         42.0773        37.5087                                                                27.1366       25.2497         39.1035        32.3044                                                                18.2475       16.7560         32.5086        28.3332                                                            18.3619       15.8259         18.9663        15.0883
