group                  seed  shared_seq  source_seq  target_seq  test_seq  normal_test_id    control_status  N_frame_normal  N_bbox_normal  N_bbox_weather  BEV_normal  3D_normal  BEV_weather  3D_weather  SD_BEV    SD_3D     range_m_q1        N_bbox_normal_q1  N_bbox_weather_q1  BEV_normal_q1  3D_normal_q1  BEV_weather_q1  3D_weather_q1  SD_BEV_q1  SD_3D_q1  range_m_q2         N_bbox_normal_q2  N_bbox_weather_q2  BEV_normal_q2  3D_normal_q2  BEV_weather_q2  3D_weather_q2  SD_BEV_q2  SD_3D_q2  range_m_q3         N_bbox_normal_q3  N_bbox_weather_q3  BEV_normal_q3  3D_normal_q3  BEV_weather_q3  3D_weather_q3  SD_BEV_q3  SD_3D_q3  range_m_q4     N_bbox_normal_q4  N_bbox_weather_q4  BEV_normal_q4  3D_normal_q4  BEV_weather_q4  3D_weather_q4  SD_BEV_q4  SD_3D_q4
---------------------------------------------------------------------------------------------------------------------------------------------------------------------------------------------------------------------------------------------------------------------------------------------------------------------------------------------------------------------------------------------------------------------------------------------------------------------------------------------------------------------------------------------------------------------------------------------------------------------------------------------------------------------------------------------------------------------------------------------------------------------------------------------
group1                 42    9_first     1           22          13        overcast_test_13  exact                     1190            305             305      9.3189     5.4761       4.8853      3.1814    4.4336    2.2947  [0.0000,22.8576)                77                 76        19.9572       17.8934         19.7302        17.0160     0.2270    0.8774  [22.8576,35.1091)                90                 77        13.4482        6.5132          1.5075         1.0457    11.9407    5.4675  [35.1091,42.0531)                43                 76        13.4293        7.6152          6.2216         1.3569     7.2077    6.2583  [42.0531,inf)                95                 76         3.4560        1.0531          3.0452         1.4562     0.4108   -0.4031
group2                 42    9_last      1           22          13        overcast_test_13  exact                     1190            305             305      6.6774     2.1112       3.2097      1.5640    3.4677    0.5472  [0.0000,22.8576)                77                 76         9.6521        4.5763         12.1124         8.6876    -2.4603   -4.1113  [22.8576,35.1091)                90                 77        10.7033        3.8913          1.5724         0.8727     9.1309    3.0186  [35.1091,42.0531)                43                 76        11.0450        4.7899          3.7711         0.9108     7.2739    3.8791  [42.0531,inf)                95                 76         2.6156        0.5947          3.9151         1.9990    -1.2995   -1.4043
group3                 42    12_first    1           22          13        overcast_test_13  exact                     1190            305             305     10.4071     6.4462       7.3659      4.0264    3.0412    2.4198  [0.0000,22.8576)                77                 76        20.0489       16.3903         20.6204        13.3934    -0.5715    2.9969  [22.8576,35.1091)                90                 77        12.7519        7.4246          2.5292         1.5376    10.2227    5.8870  [35.1091,42.0531)                43                 76         9.6693        5.3025          4.9014         1.4008     4.7679    3.9017  [42.0531,inf)                95                 76         3.9424        1.6715          4.6467         2.3683    -0.7043   -0.6968
group4                 42    12_last     1           22          13        overcast_test_13  exact                     1190            305             305      7.8555     3.6073       3.7995      2.0832    4.0560    1.5241  [0.0000,22.8576)                77                 76        13.1686        7.4879          6.4958         3.9172     6.6728    3.5707  [22.8576,35.1091)                90                 77        10.4955        5.7566          2.4141         1.5748     8.0814    4.1818  [35.1091,42.0531)                43                 76        14.5642        8.2582          8.9568         3.7664     5.6074    4.4918  [42.0531,inf)                95                 76         4.5596        1.6816          3.5062         2.0255     1.0534   -0.3439
group5                 42    9           11          13          22        overcast_test_22  exact                      594           1444            1444     34.3855    31.2313      52.6956     46.2473  -18.3101  -15.0160  [0.0000,32.3273)               487                361        34.4054       32.8967         48.6769        40.5030   -14.2715   -7.6063  [32.3273,46.3847)               419                361        45.2997       41.5721         74.3222        70.4768   -29.0225  -28.9047  [46.3847,59.3104)               318                361        40.9541       34.9061         65.5891        59.0858   -24.6350  -24.1797  [59.3104,inf)               220                361        10.7810        6.2807         21.0620        14.0022   -10.2810   -7.7215
group6                 42    12          11          13          22        overcast_test_22  exact                      594           1444            1444     19.7067    17.0259      40.8864     35.8765  -21.1797  -18.8506  [0.0000,32.3273)               487                361        20.9544       19.1428         30.5598        26.6619    -9.6054   -7.5191  [32.3273,46.3847)               419                361        30.6338       27.0519         70.1826        67.3188   -39.5488  -40.2669  [46.3847,59.3104)               318                361        22.4147       18.0230         62.7150        52.6179   -40.3003  -34.5949  [59.3104,inf)               220                361         8.1740        4.7606         26.7475        20.1136   -18.5735  -15.3530
group7                 43    9_first     1           22          13        overcast_test_13  exact                     1190            305             305     10.2768     6.3676       6.0146      4.2088    4.2622    2.1588  [0.0000,22.8576)                77                 76        23.6822       21.1927         25.5149        23.0407    -1.8327   -1.8480  [22.8576,35.1091)                90                 77        14.8319        7.9001          2.1950         1.3301    12.6369    6.5700  [35.1091,42.0531)                43                 76        11.4633        5.4703          6.6250         1.6772     4.8383    3.7931  [42.0531,inf)                95                 76         3.5051        1.2057          3.1605         1.6545     0.3446   -0.4488
group8                 43    9_last      1           22          13        overcast_test_13  exact                     1190            305             305      7.8510     3.3825       3.0342      1.6863    4.8168    1.6962  [0.0000,22.8576)                77                 76        11.7135        7.5829          9.2142         7.3038     2.4993    0.2791  [22.8576,35.1091)                90                 77        13.1958        6.4588          1.6469         0.9745    11.5489    5.4843  [35.1091,42.0531)                43                 76        15.9158        7.0080          4.5498         1.1930    11.3660    5.8150  [42.0531,inf)                95                 76         2.9955        0.9863          3.0936         1.8518    -0.0981   -0.8655
group9                 43    12_first    1           22          13        overcast_test_13  exact                     1190            305             305     10.0566     6.2818       6.6403      4.2644    3.4163    2.0174  [0.0000,22.8576)                77                 76        18.8536       15.3929         20.5921        14.0046    -1.7385    1.3883  [22.8576,35.1091)                90                 77        13.0549        7.6774          3.1386         1.6924     9.9163    5.9850  [35.1091,42.0531)                43                 76         9.9198        5.9815          3.8037         0.9539     6.1161    5.0276  [42.0531,inf)                95                 76         3.7196        1.6507          3.9080         2.3451    -0.1884   -0.6944
group10                43    12_last     1           22          13        overcast_test_13  exact                     1190            305             305      6.2641     2.2385       3.2225      2.0252    3.0416    0.2133  [0.0000,22.8576)                77                 76         9.1999        4.8929          6.4743         4.1450     2.7256    0.7479  [22.8576,35.1091)                90                 77         8.1589        3.2625          1.4683         1.0847     6.6906    2.1778  [35.1091,42.0531)                43                 76        12.1041        6.0313          7.1226         3.5290     4.9815    2.5023  [42.0531,inf)                95                 76         4.0923        1.1217          3.3205         2.1030     0.7718   -0.9813
group11                43    9           11          13          22        overcast_test_22  exact                      594           1444            1444     30.0556    27.5633      48.4671     42.6642  -18.4115  -15.1009  [0.0000,32.3273)               487                361        28.2256       26.7751         42.4683        35.8224   -14.2427   -9.0473  [32.3273,46.3847)               419                361        44.1801       40.9578         70.0580        66.3949   -25.8779  -25.4371  [46.3847,59.3104)               318                361        36.5365       31.3605         62.7924        56.0574   -26.2559  -24.6969  [59.3104,inf)               220                361         8.6862        6.5842         19.6073        12.7558   -10.9211   -6.1716
group12                43    12          11          13          22        overcast_test_22  exact                      594           1444            1444     19.8378    17.1350      40.0936     34.7927  -20.2558  -17.6577  [0.0000,32.3273)               487                361        21.3757       19.3555         32.0210        27.1379   -10.6453   -7.7824  [32.3273,46.3847)               419                361        29.2582       26.1900         62.2626        60.1380   -33.0044  -33.9480  [46.3847,59.3104)               318                361        20.0026       15.6857         60.8620        51.0998   -40.8594  -35.4141  [59.3104,inf)               220                361         6.4975        4.1988         29.3578        22.1677   -22.8603  -17.9689
group13                44    9_first     1           22          13        overcast_test_13  exact                     1190            305             305      9.0408     5.4222       4.6598      3.4071    4.3810    2.0151  [0.0000,22.8576)                77                 76        21.6474       19.4347         21.9898        19.5421    -0.3424   -0.1074  [22.8576,35.1091)                90                 77        12.2776        6.6033          1.1682         0.6964    11.1094    5.9069  [35.1091,42.0531)                43                 76        10.2616        5.4832          3.7838         1.1462     6.4778    4.3370  [42.0531,inf)                95                 76         3.1167        0.9631          2.4012         1.2925     0.7155   -0.3294
group14                44    9_last      1           22          13        overcast_test_13  exact                     1190            305             305      6.7790     2.9042       3.1747      1.7128    3.6043    1.1914  [0.0000,22.8576)                77                 76        10.1233        7.2659         10.6893         6.7275    -0.5660    0.5384  [22.8576,35.1091)                90                 77        11.4800        5.2035          1.4872         0.8838     9.9928    4.3197  [35.1091,42.0531)                43                 76        14.2305        7.9401          6.4877         2.2071     7.7428    5.7330  [42.0531,inf)                95                 76         2.9106        0.7723          2.7344         1.7525     0.1762   -0.9802
group15                44    12_first    1           22          13        overcast_test_13  exact                     1190            305             305      8.5786     4.6740       6.7979      4.1955    1.7807    0.4785  [0.0000,22.8576)                77                 76        16.1389       13.1535         18.9168        12.8573    -2.7779    0.2962  [22.8576,35.1091)                90                 77        10.8490        5.7502          2.8925         1.8038     7.9565    3.9464  [35.1091,42.0531)                43                 76         9.1871        4.9338          5.4716         1.4812     3.7155    3.4526  [42.0531,inf)                95                 76         3.9484        1.3619          3.2792         2.0144     0.6692   -0.6525
group16                44    12_last     1           22          13        overcast_test_13  exact                     1190            305             305      4.9377     1.6334       2.5897      1.4790    2.3480    0.1544  [0.0000,22.8576)                77                 76         4.6427        2.1746          4.1897         2.7296     0.4530   -0.5550  [22.8576,35.1091)                90                 77         8.4938        3.5328          1.2807         0.8081     7.2131    2.7247  [35.1091,42.0531)                43                 76        10.5907        4.4518          5.7969         2.0902     4.7938    2.3616  [42.0531,inf)                95                 76         5.0648        1.1447          3.8622         2.4153     1.2026   -1.2706
group17                44    9           11          13          22        overcast_test_22  exact                      594           1444            1444     28.2077    24.7854      51.1092     44.4759  -22.9015  -19.6905  [0.0000,32.3273)               487                361        28.9700       26.3475         51.0965        42.3200   -22.1265  -15.9725  [32.3273,46.3847)               419                361        39.1339       35.2418         73.6601        70.4521   -34.5262  -35.2103  [46.3847,59.3104)               318                361        32.9238       26.9957         64.2252        56.7100   -31.3014  -29.7143  [59.3104,inf)               220                361         6.6957        4.3185         17.6579         9.6763   -10.9622   -5.3578
group18                44    12          11          13          22        overcast_test_22  exact                      594           1444            1444     19.4233    16.4837      44.8566     38.6186  -25.4333  -22.1349  [0.0000,32.3273)               487                361        18.2104       16.3582         37.0926        30.9037   -18.8822  -14.5455  [32.3273,46.3847)               419                361        30.3604       26.7533         69.9673        65.8870   -39.6069  -39.1337  [46.3847,59.3104)               318                361        24.3165       18.6837         62.3073        53.0911   -37.9908  -34.4074  [59.3104,inf)               220                361         8.2048        5.1370         26.8889        19.7600   -18.6841  -14.6230
average_all_valid(18)  -     -           -           -           -                                                                                                                                           -4.6579   -5.0967                                                                                                                       -4.8603   -3.2444                                                                                                                        -4.7304   -8.1795                                                                                                                        -7.0252   -7.3030                                                                                                                    -4.9571   -4.2370
average_exact(18)      -     -           -           -           -                                                                                                                                           -4.6579   -5.0967                                                                                                                       -4.8603   -3.2444                                                                                                                        -4.7304   -8.1795                                                                                                                        -7.0252   -7.3030                                                                                                                    -4.9571   -4.2370
