group                  seed  shared_seq  source_seq  target_seq  test_seq  normal_test_id  control_status      N_frame_normal  N_bbox_normal  N_bbox_weather  BEV_normal  3D_normal  BEV_weather  3D_weather  SD_BEV    SD_3D    range_m_q1        N_bbox_normal_q1  N_bbox_weather_q1  BEV_normal_q1  3D_normal_q1  BEV_weather_q1  3D_weather_q1  range_m_q2         N_bbox_normal_q2  N_bbox_weather_q2  BEV_normal_q2  3D_normal_q2  BEV_weather_q2  3D_weather_q2  range_m_q3         N_bbox_normal_q3  N_bbox_weather_q3  BEV_normal_q3  3D_normal_q3  BEV_weather_q3  3D_weather_q3  range_m_q4     N_bbox_normal_q4  N_bbox_weather_q4  BEV_normal_q4  3D_normal_q4  BEV_weather_q4  3D_weather_q4
----------------------------------------------------------------------------------------------------------------------------------------------------------------------------------------------------------------------------------------------------------------------------------------------------------------------------------------------------------------------------------------------------------------------------------------------------------------------------------------------------------------------------------------------------------------------------------------------------------------------------------------------------------------------------------------------------------
group1                 42    9           15,5        24,25       23        rain_test_23    exact                          594           1570            1570     37.4140    34.0893      45.8805     25.6088   -8.4665   8.4805  [0.0000,22.8968)               206                393        19.7351       18.5108         45.9519        43.2300  [22.8968,39.8224)               572                392        48.3401       46.4799         43.6674        37.7403  [39.8224,53.4989)               511                393        54.8521       48.4955         48.7622        11.2040  [53.4989,inf)               281                392        11.6994        8.3428         48.3139        13.9194
group4                 42    9           20,5        24,25       23        rain_test_23    exact                          594           1570            1570     30.9293    27.2147      40.2097     22.3310   -9.2804   4.8837  [0.0000,22.8968)               206                393        15.9853       14.6426         40.9123        37.7243  [22.8968,39.8224)               572                392        41.6605       39.2364         35.9293        29.1546  [39.8224,53.4989)               511                393        45.9089       38.3884         41.5682         9.1469  [53.4989,inf)               281                392         8.6333        6.2333         43.9740        16.9852
group2                 42    9           15,5        23,25       24        rain_test_24    valid_deficit(426)             594           1605            2031     36.3849    32.7815      44.3212     26.7730   -7.9363   6.0085  [0.0000,31.3499)               407                508        22.8973       21.8161         57.4215        55.2808  [31.3499,49.1760)               712                508        60.5309       55.6828         47.4397        38.4835  [49.1760,61.5117)               260                507        31.9161       28.5878         50.5420        10.2362  [61.5117,inf)               226                508        10.3040        5.9964         20.8416         4.2914
group5                 42    9           20,5        23,25       24        rain_test_24    valid_deficit(426)             594           1605            2031     32.9631    28.8221      43.8184     26.9076  -10.8553   1.9145  [0.0000,31.3499)               407                508        20.1847       18.4707         57.6291        55.0160  [31.3499,49.1760)               712                508        54.8119       49.6826         43.6662        36.7538  [49.1760,61.5117)               260                507        28.3953       24.2625         48.8376        12.1432  [61.5117,inf)               226                508        10.3362        6.0125         25.1807         6.2686
group3                 42    9           15,5        23,24       25        rain_test_25    valid_deficit(416)             594           1605            2021     35.7436    32.9448      28.8668     23.5785    6.8768   9.3663  [0.0000,20.0468)               166                505        24.7060       23.7524         47.9508        45.7256  [20.0468,31.5953)               249                506        25.0773       24.5214         32.8458        28.5849  [31.5953,44.8272)               551                505        62.1218       58.6441         19.0424        11.9292  [44.8272,inf)               639                505        26.5631       21.9964          9.6608         4.7867
group6                 42    9           20,5        23,24       25        rain_test_25    valid_deficit(416)             594           1605            2021     31.8464    27.7794      24.6295     20.2679    7.2169   7.5115  [0.0000,20.0468)               166                505        20.5288       18.9312         42.4706        40.3289  [20.0468,31.5953)               249                506        21.0500       19.7678         27.7950        24.3946  [31.5953,44.8272)               551                505        55.4993       49.7363         15.9752        11.4231  [44.8272,inf)               639                505        25.0648       19.8276          9.5031         4.7676
group7                 43    9           15,5        24,25       23        rain_test_23    exact                          594           1570            1570     36.6552    33.8230      41.9427     23.8003   -5.2875  10.0227  [0.0000,22.8968)               206                393        18.6356       17.6132         34.2760        31.1541  [22.8968,39.8224)               572                392        46.6224       44.3725         45.1094        36.3464  [39.8224,53.4989)               511                393        56.4983       51.5260         49.9434        14.3573  [53.4989,inf)               281                392        10.8534        8.8330         46.8886        16.2758
group10                43    9           20,5        24,25       23        rain_test_23    exact                          594           1570            1570     31.6526    28.1282      39.9978     22.5385   -8.3452   5.5897  [0.0000,22.8968)               206                393        16.2498       14.7927         35.5122        33.1695  [22.8968,39.8224)               572                392        41.8024       39.4867         39.9587        32.3590  [39.8224,53.4989)               511                393        48.0943       41.7481         43.9583        12.2198  [53.4989,inf)               281                392         8.8356        6.4879         42.4576        14.3049
group8                 43    9           15,5        23,25       24        rain_test_24    valid_deficit(426)             594           1605            2031     35.9806    33.0237      47.8281     27.3316  -11.8475   5.6921  [0.0000,31.3499)               407                508        22.2632       21.4958         58.8804        56.2253  [31.3499,49.1760)               712                508        60.7644       56.8014         49.7431        40.0461  [49.1760,61.5117)               260                507        30.8265       28.3967         56.4080        11.5882  [61.5117,inf)               226                508        10.8388        6.8261         23.5960         4.2540
group11                43    9           20,5        23,25       24        rain_test_24    valid_deficit(426)             594           1605            2031     28.4376    24.5969      36.7271     21.9962   -8.2895   2.6007  [0.0000,31.3499)               407                508        18.3027       16.5964         46.8245        44.3397  [31.3499,49.1760)               712                508        51.0759       45.3599         39.7159        33.3763  [49.1760,61.5117)               260                507        23.3380       20.1802         42.8882         9.2487  [61.5117,inf)               226                508         7.1544        4.0495         21.3859         4.1281
group9                 43    9           15,5        23,24       25        rain_test_25    valid_deficit(416)             594           1605            2021     37.6096    34.0981      26.3945     20.7545   11.2151  13.3436  [0.0000,20.0468)               166                505        21.7017       20.7793         38.9501        35.8738  [20.0468,31.5953)               249                506        22.8071       22.2287         32.8440        29.4663  [31.5953,44.8272)               551                505        64.1625       58.9252         18.9039        11.3054  [44.8272,inf)               639                505        32.7412       27.6820         10.7199         4.9481
group12                43    9           20,5        23,24       25        rain_test_25    valid_deficit(416)             594           1605            2021     31.7969    27.2154      24.7254     20.5046    7.0715   6.7108  [0.0000,20.0468)               166                505        20.5248       18.5073         41.1818        38.7752  [20.0468,31.5953)               249                506        19.4053       18.0044         29.0660        27.1183  [31.5953,44.8272)               551                505        57.2322       50.5591         16.3139        11.6618  [44.8272,inf)               639                505        25.5811       19.7594          9.8439         4.7424
group16                44    9           20,5        24,25       23        rain_test_23    exact                          594           1570            1570     33.3020    29.2331      47.6360     22.8276  -14.3340   6.4055  [0.0000,22.8968)               206                393        15.6509       13.9175         40.6704        37.1096  [22.8968,39.8224)               572                392        43.9813       41.0850         45.8021        34.6223  [39.8224,53.4989)               511                393        51.7549       44.5954         51.2595        10.3437  [53.4989,inf)               281                392         9.8501        7.0526         48.6419        15.7151
group17                44    9           20,5        23,25       24        rain_test_24    valid_deficit(426)             594           1605            2031     33.0409    29.3074      46.4622     27.3649  -13.4213   1.9425  [0.0000,31.3499)               407                508        19.4601       17.9871         55.2414        52.0642  [31.3499,49.1760)               712                508        56.6111       51.5213         45.5525        38.0480  [49.1760,61.5117)               260                507        30.8389       26.8407         56.4249        14.1989  [61.5117,inf)               226                508        10.0516        6.7425         29.7891         7.0317
group18                44    9           20,5        23,24       25        rain_test_25    valid_deficit(416)             594           1605            2021     33.0721    28.8990      26.1121     21.0727    6.9600   7.8263  [0.0000,20.0468)               166                505        20.3841       18.6054         40.5248        37.2879  [20.0468,31.5953)               249                506        20.5270       19.3994         31.9442        28.2198  [31.5953,44.8272)               551                505        56.9487       51.1640         17.3803        11.5464  [44.8272,inf)               639                505        26.8704       21.3437         10.2452         5.3081
average_all_valid(15)  -     -           -           -           -                                                                                               33.7886    30.1304      37.7035     23.5772   -3.9149   6.5533                                                               19.8140       18.4279         45.6265        42.8870                                                                41.0045       38.2420         39.4053        32.9809                                                                46.5592       41.4700         38.5472        11.5035                                                            15.6918       11.8124         26.7361         8.5151
average_exact(5)       -     -           -           -           -                                                                                               33.9906    30.4977      43.1333     23.4212   -9.1427   7.0764                                                               17.2513       15.8954         39.4646        36.4775                                                                44.4813       42.1321         42.0934        34.0445                                                                51.4217       44.9507         47.0983        11.4543                                                             9.9744        7.3899         46.0552        15.4401
